4.778908845 4.554068542
9.187445267 5.298552785
7.921885043 1.620196467
7.443772566 6.465078306
0.820852359 2.187922955
7.964245169 6.209697631
1.3298627   9.346508393
2.663526663 0.470265422
1.004140231 2.33501516
2.217386085 3.334841723
1.927488893 7.605628916
0.621287289 3.096982336
3.314269431 5.811473132
8.47939716  5.320759997
3.126640268 7.737117021
7.118853038 0.814681502
4.826540247 6.083174409
1.838035166 8.103032679
2.811739818 9.169629896
3.280183048 0.696303405
0.921543852 5.547375027
0.552606278 1.468831704
5.880966215 1.670201227
9.071109909 9.583478949
9.130995933 8.659165173
1.516309258 1.239915091
7.010900114 1.670611218
0.836240028 4.958477067
2.094952636 9.79069072
6.782955535 4.099845311
4.311503315 3.777622133
6.416701495 5.55197582
9.741698657 1.105748501
8.461515607 8.552988181
6.665778688 6.432597474
9.254760992 8.762347868
8.911034156 6.713845708
8.052573059 0.092423863
3.255268139 8.522711267
8.956688437 3.725750264
3.119104206 9.435872904
2.85327418  7.473578575
8.581951685 2.796212606
8.530219183 2.220282136
8.272360225 8.825494922
9.332363606 9.984596224
6.768252451 4.981105224
4.891178601 8.219220806
2.94222282  8.973685952
9.539120031 0.676212982